array([[ 0.69169622, -0.6502142 , -1.1516039 ,  1.81161727,  1.18858101,
         0.11777133]])
array([[-2.34132059,  0.7214    ,  0.00724104, -0.19316677,  0.45223283,
        -0.11739645]])
array([[ 0.32294327, -0.93212854, -1.88660278,  0.55297633,  0.03174449,
        -0.55870726]])
array([[ 0.77199069,  0.89079887, -2.9314212 ,  0.06440321, -1.193521  ,
        -0.18827399]])
array([[-0.54167409, -0.46838683, -1.64176002, -0.86999302, -1.98180362,
        -1.44462387]])
array([[ 0.90745823,  0.96620369, -0.56535921, -1.62225553, -0.33954917,
         1.88356629]])
array([[ 1.05283025, -0.77143151,  0.2563752 , -1.35218896, -0.49403161,
        -0.42665887]])
array([[-1.48260015, -0.05435351, -1.47768094,  0.48970281,  0.05194902,
         0.42975353]])
array([[ 1.35226385,  1.23306048, -1.19880193, -0.38952885,  1.13742724,
        -1.72630151]])
array([[ 0.50903412, -0.75965092, -0.52832923,  0.185155  , -0.47409933,
         1.53670257]])
array([[-0.46908513,  2.0487596 , -2.28956818, -0.87222091,  0.6468811 ,
         0.26084991]])
array([[ 0.78083513,  0.79772141, -1.4811434 ,  0.31133954,  0.67538722,
         0.80222345]])
array([[ 0.05896676,  0.48876432, -2.34624218,  0.7634374 , -1.47934172,
         1.23899135]])
array([[ 0.58275006,  2.18952412,  0.60158202,  1.82280819, -1.72059899,
        -0.41630327]])